%YAML:1.0
---
camera_matrix: !!opencv-matrix
   rows: 3
   cols: 3
   dt: d
   data: [ 441.1982931034784, 0.0, 338.74583483659893, 0.0, 442.2465346130095, 214.63799747946751, 0.0, 0.0, 1.0 ]
distortion_coefficients: !!opencv-matrix
   rows: 1
   cols: 5
   dt: d
   data: [ -0.39771779294632753, 0.1888183280807072, 0.0014651747400655968, 0.001856930600235085, -0.041815042431196 ]